"","PL","FL","LFD","PT","AFW","DMC"
"PL",1,0.1723,0.621,0.3492,0.7106,-0.4563
"FL",0.1723,1,0.0013,0.0817,0.147,-0.4806
"LFD",0.621,0.0013,1,0.6791,0.9289,-0.7435
"PT",0.3492,0.0817,0.6791,1,0.7766,-0.7089
"AFW",0.7106,0.147,0.9289,0.7766,1,-0.7195
"DMC",-0.4563,-0.4806,-0.7435,-0.7089,-0.7195,1
