"","st","sh","nd","nh","hl","fb","bb","hb","nb"
"st",10000,5849,1774,1974,2698,2173,2891,1412,2103
"sh",5849,10000,2094,2170,2651,3012,2995,2069,1182
"nd",1774,2094,10000,2910,1537,1243,1575,1308,1139
"nh",1974,2170,2990,10000,1758,1139,1852,1735,438
"hl",2698,2651,1537,1758,10000,2270,2792,1982,1930
"fb",2173,3012,1243,1139,2270,10000,4930,4461,1831
"bb",2891,2995,1575,1852,2792,4930,10000,5407,2729
"hd",1412,2069,1308,1735,1982,4461,5407,10000,1413
"nb",2103,1182,1139,438,1930,1831,2729,1413,10000
