"","word","the","boy","has","lost","a","dollar"
"1","the",0,0.99,0.43,0.29,0.19,0.16
"2","boy",0.99,0,0.63,0.61,0.16,0.31
"3","has",0.43,0.63,0,0.86,0.31,0.4
"4","lost",0.29,0.61,0.86,0,0.41,0.7
"5","a",0.19,0.16,0.31,0.41,0,0.94
"6","dollar",0.16,0.31,0.4,0.7,0.94,0
