"","hl","hb","fb","ft","fm","ht","fl"
"hl",1,0.402,0.395,0.339,0.305,0.34,0.301
"hb",0.402,1,0.618,0.206,0.135,0.183,0.15
"fb",0.395,0.618,1,0.363,0.289,0.345,0.321
"ft",0.339,0.206,0.363,1,0.797,0.736,0.759
"fm",0.305,0.135,0.289,0.797,1,0.8,0.846
"ht",0.34,0.183,0.345,0.736,0.8,1,0.661
"fl",0.301,0.15,0.321,0.759,0.846,0.661,1
