"","Date","Oppose","Favor","DK"
"1",1996,65,27,8
"2",1997,NA,NA,NA
"3",1998,NA,NA,NA
"4",1999,NA,NA,NA
"5",2000,NA,NA,NA
"6",2001,57,35,8
"7",2003,58,33,9
"8",2004,60,31,9
"9",2005,53,36,11
"10",2006,55,33,12
"11",2007,54,37,9
"12",2008,51,39,10
"13",2009,54,37,9
"14",2010,48,42,10
"15",2011,45,46,9
"16",2012,43,48,9
"17",2013,42,51,7
"18",2014,39,54,7
